3684
5193
4840
9439
2161
8500
2277
4270
1721
5996
5513
5607
1171
9293
6902
1371
5681
2336
3741
8197
4782
8772
6518
5306
7654
9556
7449
7961
6504
1535
4382
6206
3332
3428
5453
4139
9071
9222
1776
7776
1206
6332
2347
736
8205
696
8669
7529
9978
4120
8356
3388
9415
5114
5874
696
7209
3342
6538
8018
3242
8571
8931
2765
8073
6160
8746
1032
2142
7102
3074
6609
9874
7997
2752
9028
1092
1897
4301
8173
8642
907
2357
9454
9329
9236
8474
7390
9714
7987
1649
177
1498
8724
4358
988
9058
4298
1102
2264
9142
7790
421
9690
8698
9707
8085
9554
1762
6609
2436
4989
4353
8439
8063
3261
5735
1396
3964
3810
7309
8773
7427
8661
423
4494
9758
5952
1481
5929
1081
4944
5033
2066
3039
7226
8198
4451
4171
3343
7889
3549
2893
2020
8139
3434
5280
9658
3537
3428
6847
5293
4767
2698
1997
3556
3131
6976
3808
4799
4756
8214
1191
6447
743
8896
8869
7223
8007
7191
1320
3436
5836
425
1012
3673
2464
9643
7942
7961
3070
8487
9011
8693
8792
9088
6855
4471
4513
7023
844
9071
5634
9345
7031
4866
2488
5136
1606
73
5481
8225
428
7672
5184
969
1569
3594
6691
7501
8617
3275
4980
4126
2101
2666
9154
2629
3384
3866
9238
3174
5787
6617
3271
3614
6491
9022
4115
9210
972
9820
6805
4897
7534
5875
9635
8435
2893
6802
3858
8302
8817
2320
8674
1881
3730
5917
4426
4892
3001
3110
8546
4218
5874
6319
4522
5254
4633
3231
5137
19
61
1886
5660
6455
7730
8894
2621
8771
8475
9809
1321
1074
2638
2189
6342
6184
6335
4860
4060
2916
4978
1834
9395
904
6982
1246
9977
9028
1364
1513
2587
3925
2785
858
5949
764
6384
4297
6462
243
718
6198
227
2748
8195
1243
8541
6573
2000
3190
9480
7357
7638
8877
617
2078
5908
3635
446
6084
6095
8713
385
2198
898
7050
5970
9473
5164
9917
2339
1360
4025
42
5288
2632
5984
4114
6173
9524
3556
995
648
4381
9296
5518
718
5399
314
1871
6026
1765
8200
4019
8389
8295
3515
8027
4305
2933
5750
9023
3168
523
7507
208
5680
2425
4759
5558
9393
7346
5706
3094
9437
981
2795
5793
8791
4434
1829
5666
1514
3258
6731
5245
9648
7307
3161
5104
4141
2468
5457
21
2462
3970
7521
5185
867
118
1904
4127
9760
3542
7325
2306
3804
9569
9010
4626
3167
1405
3504
6353
964
5022
4806
179
2792
383
1109
8134
5275
9167
7069
1484
3849
6330
9889
6384
9813
5328
1730
289
5541
8304
6997
990
2539
980
6970
9189
2912
4373
5898
8070
1895
2716
4366
4909
9955
7952
9965
8922
7544
5283
784
7264
4999
4467
1788
1843
9385
268
8053
4481
2460
9423
4539
7275
8042
8480
9431
9491
6620
4325
6212
3124
3083
757
6677
2327
3796
8988
9142
3012
6573
2513
4227
7343
6569
2815
2782
9851
8135
686
3424
3172
9907
4477
8038
1173
8914
2969
9074
4736
4576
3973
826
5727
1006
8727
95
1229
1133
9256
4889
3101
3801
6762
6252
9253
4420
6903
4705
4532
8784
7390
3493
8421
9402
4300
7400
6273
2399
7816
5195
394
4724
4598
2307
9096
6147
2504
4424
5380
5370
1782
3092
9556
5940
4494
635
7932
9963
8395
357
6064
2968
3287
62
6587
4686
1351
4544
9912
9499
710
1863
2687
899
8925
6743
8671
9146
4119
2996
717
558
7808
1405
1267
831
1678
3818
1634
5182
6864
7246
2620
8737
4579
6432
638
3244
8581
3828
7090
1401
8946
7853
5013
4884
3780
3457
9891
9445
7252
1697
7734
6314
854
7834
6277
1560
2650
498
9940
9475
6005
6329
3286
5494
5019
7084
6524
9923
5991
2115
6788
6207
9406
5713
678
9807
6876
585
9223
4617
4902
8383
2126
4464
21
5236
9794
4130
3669
4816
1736
1990
9519
5764
181
5809
1539
7118
3881
3331
2210
6163
4422
9899
691
984
3427
3186
3703
3324
4573
3733
699
7721
1230
484
4285
3540
9021
3562
9408
4928
2911
4921
3672
6035
4326
3916
4503
8890
1359
5038
9769
497
4160
9165
1874
9869
8599
4596
9966
7425
8739
8664
361
1445
842
3130
9686
1156
8681
4813
644
1713
8638
8523
1695
7143
4960
1636
7440
3213
8168
9149
8506
2799
9145
6491
6866
6973
4249
7412
6571
5815
1108
5385
5903
447
7040
75
8445
4352
3629
2319
6750
6660
2408
9360
6931
1059
9738
4531
4630
2142
4572
9675
7617
5376
6726
3938
9988
7532
7743
4490
8356
241
9418
6606
5030
3658
9772
657
2717
3237
3696
7678
4744
4360
7465
1711
9854
3108
1351
3661
1150
1492
8875
1493
4527
9798
1274
5341
6319
8082
1103
9836
3725
8974
903
9200
2095
5733
1170
4912
1156
6344
3109
8767
690
9202
4499
1929
5044
6940
902
662
3714
1163
3693
8915
7520
4304
2413
5405
60
140
1623
2157
1125
3278
7082
570
5635
3015
5654
1263
5463
4293
5065
7055
8662
7047
2490
2111
42
3315
894
324
8613
9201
6358
6771
2265
6890
4942
2039
9674
9353
2591
8138
2417
6492
6444
2098
6347
2635
2276
3644
9482
2430
3278
5170
9258
5003
7391
1531
6696
9516
8807
6700
9088
7238
4111
3712
3493
9052
2947
8688
9920
940
2231
41
3966
2372
347
7913
894
1747
2638
2445
8805
8893
6762
1221
5836
6570
9834
2967
3862
5539
9408
8138
1023
3229
8505
4260
4313
6755
1469
3441
5679
7338
882
4241
7845
5078
6119
5886
9999
2253
3995
9279
3181
6832
1455
8402
8596
3878
5523
3076
5741
6999
736
255
847
787
9016
6116
1274
4074
7064
2521
867
8943
1420
215
6003
238
3392
1476
9505
4099
7715
8102
3834
3255
1172
1315
3357
3626
3530
7314
2745
939
4496
4286
7279
9739
5233
2069
9434
2716
1550
9306
8033
5289
8800
8445
618
1052
830
4082
609
9243
1344
4580
3367
5099
6887
