12194
59428
52748
8240
85095
61773
29660
94961
87705
22198
37462
41057
79679
83234
64310
10998
14497
86831
77943
91683
3733
77393
25325
50294
19240
1025
47438
64899
1612
88427
4190
68341
92547
44113
13495
14577
77916
70197
86937
26611
64704
93520
40315
43693
94194
19480
55228
62809
94695
36903
62638
34100
86489
9040
57520
16759
38466
76974
14011
14203
19502
52620
88595
1742
72927
36426
41607
17279
1022
62838
20512
90620
20080
33917
99119
93306
90653
88617
49031
45977
99493
45334
52477
90198
31224
70896
73062
69660
79600
30191
42914
67393
62280
17276
29094
59255
88174
92147
65687
63160
84394
43202
50545
22952
69226
32488
71427
56704
16184
89013
55265
45091
45146
62841
70633
93328
31690
70334
15801
19678
95937
45061
97354
96072
94867
19772
3832
89372
86682
57789
7543
92679
73254
78759
38953
13398
99116
14367
93357
6299
54185
87014
11387
7088
95939
41183
22651
50324
61439
5024
5856
5612
62173
29019
40928
30954
80351
92511
2388
23275
50940
3111
14732
54365
25997
41655
3690
39383
72178
77493
10912
89153
59273
95195
44370
38232
56231
42075
25494
80900
35125
70613
65701
27492
73967
82724
67135
16504
43109
11979
72263
86222
22422
20781
32418
36487
11810
66200
53933
34813
34148
54392
22900
44398
73986
23515
17221
18038
89506
40179
40357
40120
88734
94647
79026
70930
53875
44658
73559
20317
51396
83425
2973
73168
98936
71828
5945
11084
12836
42561
37724
19705
81137
3055
14898
18835
43851
82889
93710
21470
56555
22780
65494
63060
27872
77295
12587
89463
62224
4525
14319
96491
14828
44076
79039
78643
44055
63500
92124
7614
7976
72273
18913
28736
44348
11829
74569
69553
32709
10679
66214
78905
87338
59881
43257
60780
50542
2974
14856
42182
19377
17548
95682
67924
87200
37470
50699
87672
7656
6581
9175
88045
18184
61249
79122
3337
14230
42570
91079
92455
99185
60092
74957
92807
7635
16692
18355
8992
38023
27598
30215
17978
87945
97844
64844
53633
66561
44256
70719
3598
66906
2044
65296
43852
58915
16702
6280
73553
78604
85062
3020
14926
19383
98265
65777
21609
67082
11417
8584
86090
49439
85072
63088
14439
73206
38834
60892
50620
13576
82768
35550
8694
4927
31661
32105
85098
88148
93261
50503
4803
76608
93751
90817
97633
9874
20091
92418
95572
39350
69915
99540
46295
53514
77993
186
67571
34515
78155
85452
78402
85915
14938
56664
35358
85289
11569
90147
79540
68095
21800
16554
39713
63717
30816
51541
44551
95629
62263
98909
53026
58639
52765
86553
59834
5413
87107
74172
13977
64355
65980
78601
47237
29040
57184
25032
40982
19939
4735
86502
84753
62848
14693
23335
22968
62620
20978
7326
21335
27560
1161
90390
92404
35450
31617
72722
93213
45063
81079
36124
50560
93060
44584
83607
30538
95790
22303
86392
84038
59935
59704
32411
78848
75514
34735
21105
69597
16196
54055
57740
3470
59105
18731
40930
65052
11736
68922
69820
4179
36600
88679
52003
6732
66285
99671
54927
899
56408
19651
37991
58064
37811
39979
97652
59522
55913
9129
68554
95456
46929
22364
33812
32279
41586
50545
89418
84000
71934
16625
30973
94763
46726
95075
46218
95138
25753
82385
15771
83786
38420
66499
50734
23022
46214
9677
22215
71057
33968
6731
6017
55324
63934
18514
56887
89935
66266
65412
71793
42357
61200
88224
65367
11928
55419
41267
48683
17663
16247
49033
26968
56796
48574
97572
34733
56753
78388
20518
11139
13494
30591
18997
71308
66068
84974
79942
80184
76835
74462
70787
81423
23
3389
21453
60229
96403
85628
80393
38044
17326
23480
42696
12781
89760
38536
98368
22526
50739
54952
95014
75358
2262
65011
19291
78039
11639
94923
83286
72863
4021
28731
54571
58185
79054
96253
16857
85856
58155
69357
65668
98709
75169
61902
3367
65425
20142
25819
52587
57094
3787
48415
97392
38309
69255
76975
96624
89064
41717
95160
94322
99118
57310
14822
75542
91918
39277
99449
80943
25125
65914
60860
86667
78630
66625
97403
3273
1397
76410
89508
31839
21734
94528
9231
26056
48795
55700
10525
4800
70987
50522
34198
71561
55608
10590
47067
92911
55294
20590
86666
26696
2833
62096
94497
85201
3869
75187
91053
59853
32794
74651
10284
96560
49486
14672
11989
77131
66439
47715
72472
16194
24215
65808
44739
25535
67126
16610
41237
2201
65549
31136
52428
35860
62449
61595
62442
17488
40652
78809
98310
23374
42804
87256
80376
74491
38201
93763
27452
58499
61820
94841
45977
16367
72692
97338
74479
99356
15486
96255
54280
2327
32120
33913
88596
36010
17307
87564
99992
71803
58471
38157
51705
48500
68580
20234
76551
67800
24790
31791
57816
80404
46388
86858
83386
60260
10770
35112
73650
38145
79073
68680
35000
78389
91009
67439
15593
12176
78881
40105
66517
85162
88374
16925
44542
23478
5645
32675
40707
72110
18634
46227
64664
77171
20317
13467
23870
94114
41135
42761
99188
73773
13775
79768
86831
81301
17991
2559
54274
87407
76866
96309
34990
38503
51817
69669
12617
54617
74262
6366
52433
57978
81256
55260
46987
47666
76489
77031
6352
30545
53610
57581
60916
97194
46298
51300
90760
82420
31333
54179
28459
62154
48482
86106
3847
36441
15793
79028
20679
19859
61724
64047
46212
58728
64305
99228
23627
71839
55078
27638
85574
50203
29857
54051
34300
29291
92382
54552
32553
18051
76831
29125
78976
96329
29570
72897
87100
54102
82898
91927
84609
92886
74391
70668
33583
39145
63892
38058
48157
2597
88403
27060
95905
85606
88721
57979
39490
87096
38658
86617
43488
90042
66271
49192
9965
39609
1071
50137
37901
84230
33819
32677
38831
45854
56076
37954
86874
28455
74253
88658
95531
43400
93517
5441
97485
56232
97728
79189
96826
13141
70755
14470
19520
71355
55369
24733
30648
48395
74170
48565
77780
11199
99710
16958
71607
93155
6904
12262
84988
2018
84705
33721
89516
17737
66084
70232
43674
3078
49729
46810
61714
75704
4071
28498
42314
20525
76513
16275
54826
43936
55362
70769
7142
40559
32722
4309
9509
30603
33921
47250
25109
96533
51364
97253
57585
59298
34533
96428
43573
26182
23731
46258
98072
16365
28302
17544
33638
24967
48815
42268
22095
63631
21009
91945
16951
20015
1659
78183
90950
84967
15505
2661
2298
62343
39378
52067
6977
6879
50056
84182
6674
18580
3629
21635
73875
42244
42266
19837
43870
44756
83447
72098
3301
7169
84154
54543
83042
5348
52448
63230
91029
25968
84914
27897
27974
60328
35042
99026
21072
99140
82731
83711
73415
28593
97266
91300
81863
28041
8929
92604
74193
33620
39272
94316
95138
39834
21121
82954
82422
37192
55380
23472
5740
9679
48433
10978
29513
34523
89645
24916
7686
406
12177
3421
44651
99458
50239
75907
75963
10710
6623
22268
47595
72650
64959
81900
88827
42827
74663
6220
53489
38402
58898
87024
15007
10823
30061
80158
6419
65135
80481
4163
43093
78109
92309
63809
9770
36939
36861
29294
19947
1099
87988
98513
20337
89351
26172
77349
86488
40973
25463
41920
19698
67530
89999
80594
89463
36126
78982
18367
94148
53753
32278
47058
34393
85161
75361
1138
79150
36303
23388
29432
17117
47030
99146
259
48978
18622
60913
18230
37729
29910
58805
75292
75645
51139
98601
40206
97154
60074
96115
89278
62936
34696
90036
17886
44614
47736
45487
63545
37660
87338
25211
21639
69473
15307
26561
49182
43573
3975
88647
9778
83504
83693
70165
38982
84989
3967
80940
93448
43166
61500
58069
21165
64016
72222
2943
49699
16204
58335
57176
49189
12038
95461
55283
30171
27605
26428
94189
55533
73431
88675
16428
79220
95871
49785
9366
98786
98513
86832
26280
94573
39923
56000
32682
50787
23900
38037
21662
70284
90810
75007
73935
46663
11650
39238
86936
43597
63022
93286
18157
29109
44129
20982
63887
94719
25867
41505
88793
48445
51434
64691
3468
47792
41573
55496
91005
54025
56524
26875
46197
30616
3342
41087
4750
81051
43726
72548
17511
42739
41817
88750
23612
1223
63763
53185
41954
19052
48792
74887
66181
24056
90030
81392
19312
31053
36584
74984
79719
3921
73429
2252
34662
69234
60096
84244
98956
67447
33736
596
35090
7173
16563
79194
18084
69038
65587
29869
95676
28199
88497
44010
42039
13222
89042
86207
6253
57919
29780
93949
23611
23771
15476
26839
25667
77036
30491
82239
43380
50685
35199
76725
41083
55264
38935
93053
28722
45892
17049
11955
96160
72162
57569
68026
47536
84210
43987
47909
86017
69290
4071
1935
44809
48217
167
67394
35446
91686
26246
60395
43417
68635
17866
93879
52001
7413
54461
5613
36382
46905
11855
48295
26107
18873
91822
54309
63094
22448
3051
36929
37094
93092
56553
21506
53138
10010
81616
973
60212
84348
4003
48942
70904
49599
96858
19693
63763
94847
61930
407
85110
57970
2283
36157
55189
13524
47184
47963
71282
22504
27676
98910
68769
84937
87449
17937
27870
53262
7032
53594
17410
7863
84808
51037
20002
34998
33786
24866
20803
37205
51198
48354
80639
69309
81731
96026
3703
70227
43445
54359
84526
58736
46103
57762
92445
70401
77940
59946
53207
43758
8851
97145
65097
49298
40546
98558
42877
48338
99216
75129
49852
76788
59771
81114
70765
77999
58141
46664
9669
74973
81909
35964
59381
31914
1004
35776
48458
82564
54398
61223
15325
56533
5516
82939
92093
41424
13526
87679
27024
51859
27099
87431
76671
92432
74836
10916
66556
65769
77265
98301
7453
72189
3494
10146
28421
25117
51393
71488
105
83594
35020
27604
82239
28069
33489
56214
43576
4884
82710
80067
87197
64326
67554
38472
64649
86220
30566
27763
87284
60996
22601
13978
32395
74381
6988
81603
43683
36258
49122
17973
10377
97118
88252
51181
12032
42965
36904
62786
5651
14973
94320
41632
17556
17566
40226
16164
81317
8756
40998
68286
51258
68697
70020
26881
10992
28666
33658
90629
72999
83505
79308
33007
8460
84223
2735
11128
29739
27547
27410
50871
91395
67661
42671
36798
99461
65942
18302
74836
70380
8448
36545
56238
16938
91011
7949
54637
96930
20392
31396
21429
19611
79920
18607
22971
12291
2647
38056
51907
16941
33642
44803
20076
64079
70260
92242
77007
24641
79120
49715
17814
4361
47607
64987
751
19705
82777
22060
37722
87447
70220
38987
48488
76703
49171
33135
32821
77787
14121
74751
92879
55660
68326
21108
19950
36856
99029
19131
80136
34667
755
57736
80413
51969
89360
27137
23359
14135
78774
42282
89064
89605
34356
73869
11216
81713
97268
19851
35467
95147
32801
81759
38447
32058
962
22349
14611
43706
17522
10197
31005
14183
40209
75744
37355
67758
87417
58984
17811
16074
65097
98095
72670
17067
12190
30355
82985
7581
81173
76980
67929
36792
25931
84753
75105
29033
98751
1607
32334
16839
39453
36630
29198
85907
83910
27031
65687
63019
26326
69178
67134
25291
32409
62109
449
24022
59930
19368
96200
39971
59364
29302
24684
20810
25687
6253
74970
6847
83587
73544
36768
59964
86734
92543
91002
30279
82177
17151
85457
82979
12992
57044
31839
49902
19480
59102
67737
63816
35217
41395
44078
38845
51147
24629
7520
58042
98272
5330
47646
66427
91190
47023
98696
75463
46365
62495
31814
15321
19023
54126
19834
40644
53915
7719
23419
75472
13793
98995
74249
19365
22375
30879
27885
508
77894
79958
77905
7549
28855
76353
20123
65710
17554
20556
23178
77292
77059
9274
31073
28559
10635
29759
97229
954
81580
93530
97585
68825
14311
26797
39890
28359
7813
77716
52104
8698
92953
30463
59895
57737
54219
8157
62369
61938
90201
30116
10657
9650
62678
59693
88116
55576
2013
8013
286
32840
20322
67685
39298
1277
30984
37351
37473
59557
60825
16820
25016
72207
58176
66451
78883
30837
82053
9120
919
81233
74064
87764
7449
64097
62288
55407
37060
11802
8304
37874
87307
9339
91542
40514
79466
35460
66841
87441
20312
13079
89923
10612
99634
88287
35897
5844
14476
87885
63700
765
71841
29820
18370
39077
58503
55333
32183
20311
72425
52094
94073
3830
64998
11124
83738
68595
47366
76466
11186
75850
85237
52596
11230
33000
74044
34497
17147
16503
21056
96886
24069
78326
97544
55089
34133
57204
80512
357
42187
13283
92122
68899
15893
62732
69630
57821
49687
38557
36224
92339
73590
70195
50319
45523
50806
95698
47417
26517
18063
74590
39508
46118
60325
85031
95109
49207
23951
35161
49026
96872
73336
68870
18988
30154
88236
36820
42846
98311
83674
60119
35853
22081
1232
40315
44843
6269
36792
98846
82896
4019
93405
53298
85625
41767
98386
82403
26512
23132
94663
25212
6862
4611
71225
91938
21524
1762
49623
23069
76362
75122
83363
56014
20486
73451
94640
76592
97112
87631
12317
59538
14088
37020
73092
41029
74550
27805
4043
21223
59297
6524
51306
46150
98078
39882
14715
67855
73157
26007
69159
84841
85050
48802
4228
75527
20472
56528
57683
73421
58955
83692
17145
87741
97831
91462
46358
43548
66838
50394
57086
76919
66561
69736
26177
25088
54869
72511
66687
58723
3407
87502
96041
48723
56112
87934
42364
59389
49360
85236
29050
86611
331
17471
17469
22412
98827
6267
71257
77141
68238
26815
38199
3865
67922
48546
71482
71244
93850
64669
98642
59972
30513
75912
13216
34700
25916
36524
63342
73348
44165
35
82072
66815
90336
97968
81939
52817
23281
76896
30484
12527
49609
2273
7523
51163
87686
67956
61955
40647
21493
85300
57865
20637
98579
42468
91540
9071
6277
17228
191
64328
93985
51531
66735
39742
17380
7577
98661
99919
3847
62062
68402
42941
467
57844
51444
30174
10093
58309
96270
78537
87244
55468
83985
273
68724
29497
60763
90996
14122
66338
98439
65640
23396
12266
47145
55233
93168
62577
31513
85440
77394
49436
61481
13179
8726
38309
94751
39181
99762
48668
73020
2486
37651
63879
27686
93758
36923
30073
51495
34992
1616
16936
27330
75375
5746
48628
81434
88821
36750
12571
96401
35016
63652
17740
40306
68861
28413
73483
9801
76764
6104
71333
60514
24290
42502
43970
22361
28287
5286
64724
44845
76044
87968
96475
25863
21156
40241
70110
24805
12568
5029
60932
7109
21789
19718
40007
31895
49124
24878
10602
91755
10933
46889
53936
24963
32082
57408
88115
49325
17588
92260
18352
53896
26374
12614
85218
79421
81941
79966
20636
6181
47756
21093
67076
18644
23670
64841
72222
56275
49431
86047
98784
58926
32812
66946
88350
67483
42922
80336
44632
84347
43271
83612
78912
24586
52907
5040
79493
86594
87312
42145
77727
41465
50164
71381
26984
21497
57255
60205
8009
8176
4054
7551
28839
87467
80464
6310
99255
72546
10807
5416
57445
98072
34220
33094
58073
41783
94693
15781
50025
26050
69371
39769
5441
17809
98981
92094
13277
43173
71163
51600
84656
81084
92503
28940
8023
21718
16249
17433
39567
49498
95127
79419
68105
30059
8870
73744
52243
2203
63775
99690
6475
99396
30454
66204
26020
46985
69314
33460
40530
63538
74241
13134
65240
4950
86122
81555
75565
91688
6747
13473
734
25828
98775
39507
96061
17648
60861
54577
45969
90441
62390
68319
80755
99763
69226
72598
66993
85404
31261
62286
22282
97618
18261
78813
97387
78626
67405
32588
40148
93285
9518
31153
40514
9259
35086
52455
94954
57655
76069
92218
12957
6120
79698
12156
12657
22813
32199
42764
11145
91359
35100
54454
9032
17606
19045
9033
6422
22834
6863
51814
79415
98919
95550
82188
97703
2228
59840
69699
35132
31251
80289
57322
26708
24964
92705
61943
50419
81322
36145
66135
25696
35677
59983
59960
1615
35432
52888
39467
13334
7535
84554
814
74631
37916
94264
46093
58421
84212
81084
43201
63908
77448
12495
51070
24815
11502
50000
97010
32040
86448
16374
1309
92969
50869
97660
19281
9368
49293
84807
40492
97904
3673
20666
27181
58983
98241
99224
53796
81016
81362
19578
70555
66072
39703
73211
88593
56441
81890
66096
15251
37993
70022
82586
56901
48822
25326
99465
97065
44662
81480
12960
48684
47238
34429
31281
56188
77713
16776
423
98961
95722
24455
98281
45093
89038
9726
36137
57639
15984
90187
71712
31106
4374
45703
12082
40143
70714
89994
81103
60864
88631
96693
95293
22686
70562
61748
42374
46992
59531
87221
64776
25684
55484
61291
63588
32015
92120
22324
29814
95968
98810
51969
8266
30406
12883
81974
83640
68414
34239
96156
10574
72677
47597
81568
76420
65692
65620
76862
64228
96229
72644
13414
28267
8225
59218
79960
49866
11647
26293
99247
93670
65446
60462
58968
93446
2930
23132
47785
13539
64284
17772
88347
31371
42207
26470
17500
41054
97555
39921
85716
18370
29319
74380
74976
57769
49678
71862
82304
62299
48230
66522
8870
72753
87024
12324
15311
81898
56363
73763
493
75977
59549
56463
5102
736
83639
90962
31125
46376
85223
77327
91537
88122
11297
33869
11889
4966
30070
34205
26084
82505
5974
36787
35198
47136
97820
23588
20067
1374
9107
4443
30688
70835
63615
2132
82988
11266
76776
28225
3436
95430
96643
91218
45847
33540
67473
13918
21940
62927
13903
37799
76658
54164
1995
39627
41433
77956
46240
59266
22505
56892
13967
48761
30967
21670
71162
40260
35338
45171
1960
43988
30235
8625
98009
10481
74397
6923
65960
34155
13670
23402
78784
43840
92117
68653
50768
2332
29245
41584
65533
50750
65412
18372
25161
32800
8966
46034
1370
90107
1800
88802
52245
42903
48163
17803
56203
90473
7575
41662
30047
47408
70149
14488
34290
59792
54190
65365
7458
25326
62808
55193
55393
18780
3925
84758
66814
99735
84529
93487
63895
48809
31561
45417
38470
99626
4252
38250
20194
8568
19402
5418
43548
56856
35292
9984
2429
37726
11969
69795
7496
54196
7271
47905
1046
50111
52979
27434
39002
28952
26499
36900
75747
37376
69050
67911
34294
1977
38899
36302
7855
38958
31280
47893
17719
229
96366
83860
84980
59679
6715
29337
23661
11240
49570
85152
36801
30621
19896
99844
73130
769
62894
52001
47271
54597
77461
44226
40155
34818
58601
54669
48303
74297
28914
88958
79392
89302
5686
7893
52706
40919
34791
25099
14496
57892
41965
21201
35836
25241
88730
43245
32322
42128
17710
87510
66896
21043
42787
15872
17874
51546
6100
20557
65778
84852
51245
41079
75468
97144
25431
83082
54905
33762
62465
31495
8588
52775
95928
65588
85202
58511
71495
35308
85781
44156
13302
15727
89756
43342
73335
47677
7930
76438
17806
40634
74118
5568
43322
91941
11869
19900
44755
89747
52208
6977
30420
89187
60283
99333
80412
83264
84668
45184
25540
55900
78926
30909
45956
13456
54416
77974
43018
87646
47413
4789
97438
79186
48923
11871
25824
72376
44962
88197
56845
78031
58022
25924
90810
20848
94991
21020
92743
55019
56021
68955
67978
48393
65508
44230
67899
71012
6996
34696
35825
33829
88095
24932
20673
63174
19902
59026
51701
16179
66077
85214
1268
69701
8746
95405
15
48805
39600
88851
11947
77005
66268
31273
74024
55394
48517
16390
4200
37235
73810
82806
39681
97274
64967
94587
96849
55665
98391
64268
57111
91400
24901
90487
14668
41086
42366
15238
52383
7851
50220
41567
73259
2895
88170
99435
96727
28839
55367
31858
11821
52043
36665
84454
95676
20045
42540
94266
36499
57952
22258
62689
34426
57279
48601
80009
3879
95789
65511
92714
80713
69146
37667
70682
18530
8080
57022
69591
62588
54536
86506
26288
93252
61940
69873
26329
38153
13846
36195
97845
56435
35342
27003
40576
37750
92398
13079
74574
74992
98329
4810
61274
50188
89435
90287
81610
56539
91650
77386
11222
40863
52187
87212
28551
97823
58446
78095
79577
53980
56070
10457
25449
11338
91811
34270
44407
57204
2810
48991
51231
96580
6162
72061
24913
28547
306
68216
11750
60298
15441
11421
76488
34167
82345
20557
43175
53286
65661
39639
68829
18366
21850
94393
68695
95095
28236
88413
26241
26028
67213
6355
26511
98663
57676
67447
48417
36871
40670
36551
564
23367
96414
32218
73754
72085
17567
88595
80758
48074
97019
55380
87353
239
34345
19099
45735
65856
87820
45508
56648
2366
11683
57136
56816
8257
23679
4058
73469
55581
20636
45550
83953
52566
52466
82656
51355
61099
3201
14032
36724
11472
4424
83964
16681
95924
64894
6903
91331
16172
11847
7727
81261
23823
49171
78844
26519
14748
83252
88816
61505
78817
92299
2053
16466
96378
87583
47127
845
74994
13545
8236
69862
11669
89002
93610
85574
82545
71825
54293
67019
83459
83678
22866
84690
19994
7123
83913
69119
9141
7757
30267
99081
5757
66325
61854
51170
54305
55756
41270
43637
34328
21946
70881
82828
63515
28913
77910
88701
1643
63415
6438
42691
63330
24883
7304
71615
68470
26448
50288
39526
24207
68866
88987
17197
87313
62894
31627
68525
88123
86886
436
13188
84927
22994
20316
88817
34798
53852
89502
43860
37751
73130
70995
72856
31848
763
79766
66042
20971
37039
64085
99210
50146
32853
76106
16010
90701
2854
91279
95295
73872
20901
74341
85419
26396
45837
14370
42731
84514
13564
7476
19583
42524
38232
49189
36316
26916
76155
86676
13814
98408
77195
80156
22376
36084
2356
85975
10085
47329
47903
91096
1041
628
18822
10877
72068
1865
75555
24749
97182
31380
91466
41955
8759
92988
59013
94203
42229
73000
63574
72622
3448
92178
17391
17187
17228
13591
20526
85067
54307
84909
80314
66619
38858
51959
78445
69461
67078
95098
67848
72363
38188
58264
47039
34077
30946
60162
97907
42284
73679
72149
44669
8186
54864
23364
74088
26040
24115
63611
20228
86209
75917
40424
50336
75957
29749
25844
57683
70791
96100
36014
41916
7044
89967
17350
71713
511
934
88165
95023
94787
65708
8455
58282
5961
24609
49341
16034
25124
8666
92077
83816
39914
48481
10444
82649
7976
33733
21919
53850
84187
40632
66817
48761
17800
58792
20137
70993
47077
10408
26294
53108
97465
59042
54049
40523
73368
96019
66561
54910
55529
20637
47371
56668
6818
67636
37885
22492
41989
26959
97508
30904
22012
11752
83769
72578
33588
25151
96409
36678
97343
19168
48288
6846
61832
1402
93007
82439
95040
60718
22434
39556
71526
39813
67662
72399
92846
57754
25863
59750
71105
10826
58657
24330
34138
74603
72201
69883
46763
81955
35818
63358
89249
69420
47682
19493
71442
8973
39637
37424
76395
57938
66866
33931
3700
3779
45138
48279
11784
43634
76101
1775
65557
86013
59024
79533
51654
94817
24159
91820
3707
76963
92376
83881
63086
67284
19003
436
98433
34164
71980
74676
67076
89586
87706
76871
58417
39256
9712
32114
46293
38815
9692
81376
47969
75606
7156
41148
85761
46532
70408
42164
76926
15236
18388
75586
80728
72070
369
23547
472
83009
19636
59047
68144
72969
52059
24486
75044
69415
61252
33341
99549
36987
13561
96496
56098
2679
52804
32971
55015
60428
19621
78532
45479
29809
80061
96123
54266
66039
70428
38401
17583
45825
60763
60050
24482
96464
95877
19737
19681
83574
30048
69854
79703
91504
27694
93758
47282
79016
30993
18918
96676
21353
37666
92735
10262
13040
53171
43998
96150
85187
91786
1328
29155
27997
24281
73736
25322
8550
6426
11467
47741
83879
12226
97038
5194
49653
26285
51892
66263
30568
62565
84686
17353
2131
3069
11212
93611
85623
80775
12191
37265
67364
67988
59230
60525
15033
46873
23834
19602
1550
52608
55789
38018
91444
69793
75754
30961
65128
75939
68441
80386
57088
91711
44922
81068
71624
38270
13676
75396
71946
32585
50672
67521
50840
91653
84727
37986
93984
95992
50063
67321
60766
94495
32238
24902
74567
7680
29004
35060
21881
17773
6543
19203
91402
40641
30850
26639
63859
75209
77233
94136
28777
81349
78442
20128
14084
89142
98830
24098
84505
98744
94190
49528
76316
63368
28796
30802
81873
10282
68441
94475
58410
78393
59282
69769
57392
34348
66458
48309
27238
22966
48520
27417
71130
74861
36143
35850
19623
81532
37358
23139
42148
95663
16386
14788
83043
34716
22501
46096
92807
9235
14490
40373
11314
5116
63240
48407
78744
71981
29360
82661
23203
60846
74497
97703
72615
39499
49616
60917
40012
24065
46889
34219
91893
34909
26810
39277
34197
67531
97408
5139
51395
58644
36199
13915
51307
27686
74131
38466
46442
39221
24343
19195
30010
17902
17152
45314
33413
44016
95472
50867
16470
27379
60143
65130
51513
20901
7934
17069
26659
62204
96985
33079
12024
54140
18836
46731
55727
6948
68130
34987
93975
27282
48234
42261
18614
41869
25784
91144
72928
25449
52888
76366
97612
71949
19773
35772
92598
24670
68680
29021
87850
98227
41455
5882
95547
74690
28092
65658
86007
59431
75126
77973
54815
91473
53473
84126
13185
24796
77927
70093
4069
37031
8894
43473
6160
96767
57949
76113
64741
4587
54121
79148
90657
14664
79137
13373
48238
52753
3477
65625
69898
48145
79210
82476
95518
84760
82749
47623
51316
66205
1468
76172
19361
38598
10910
66172
62676
76183
88315
92871
14541
21914
41167
12439
91965
17785
3441
40885
8392
20294
90727
79322
60404
53395
21691
32931
69951
9934
6299
87054
38726
21999
68223
49497
93564
68311
96154
2870
39210
47097
25132
64356
6213
44896
43558
40235
78051
32784
81723
73886
10584
49955
94823
21407
90900
59598
54614
17064
97805
37418
90883
10526
69808
2666
70337
78116
58195
7507
18495
49967
14729
22845
45774
97768
33611
37865
88444
33419
63582
27934
52822
19227
39694
81022
10586
54951
19195
59567
79170
71250
62334
85130
75563
33559
10904
91405
76112
27097
59652
19431
54263
26101
3182
18827
34165
45177
43785
69729
43344
43438
13386
73563
98260
9118
32360
20144
1158
88745
10203
27449
77098
98920
27522
96867
89636
57314
52026
61274
10283
45981
94534
94870
18684
34504
38072
11869
72542
94829
56168
64591
5351
80372
80762
35548
13230
76702
66186
80701
25702
67157
22510
40108
86950
15961
94255
60263
8375
15384
19086
35891
30765
84227
54544
88104
93677
44783
30932
90314
28030
87583
75476
90190
46937
9742
52581
35232
49055
7821
96964
3337
97821
16122
6308
22919
26849
52590
86578
57076
43721
72033
13423
22535
35251
92469
55526
95459
66647
8179
17033
74650
85297
64177
57937
70258
38479
2937
82504
77903
41039
38999
56555
41392
92333
13877
5335
44956
99898
34817
51617
87167
96161
29945
732
93813
27085
93347
86206
61657
43872
96848
24928
45450
31197
36134
8246
41925
43688
79029
44288
43764
83908
20353
69492
67258
41150
23509
30665
89539
61439
97824
35626
59118
39098
63448
39136
84268
64425
69998
31936
44120
72433
17707
33623
35854
65562
98089
27400
19756
34185
7858
97099
30106
10469
34814
54053
17385
45317
23000
95956
7649
36402
6738
30947
87721
4816
11127
64093
83808
78738
81075
5716
93268
56422
2142
78541
79380
82505
66343
94239
32257
29510
15720
12591
69417
22037
61700
69146
29705
586
87518
81042
45524
97211
45904
64831
65431
53425
76077
7177
92265
86401
43828
2488
57604
44560
32701
96646
678
19945
79279
54682
55262
74518
64609
89316
831
38521
35346
94541
44474
15544
303
69813
86456
83316
76251
10174
88379
99588
53734
92598
93718
45033
36324
57723
59332
31934
62598
95676
29800
90511
28480
28190
3157
62639
66919
80442
84656
23217
81697
19386
54568
52776
33740
32643
48866
15179
27203
2044
41887
79917
77707
79065
39106
59196
38821
52460
68729
584
67035
52860
87182
50045
8366
89719
57101
61896
39454
92501
2302
72378
72639
14363
39815
41243
28581
23376
13185
96025
98124
39460
86368
2343
98511
36527
69096
28320
92856
38448
54351
68147
91829
78990
69729
65651
25757
49396
15027
71782
9445
46893
17650
12509
71257
79059
68336
98967
29629
4599
44064
29846
61640
4872
88869
63092
7095
45867
1334
28736
14980
87272
83437
69273
94769
83485
23480
51107
78943
72733
87683
42793
53320
7738
16056
41394
94075
41386
74446
70596
82981
28379
39719
86173
52284
67857
3035
92769
48072
74038
242
14854
64563
29786
71783
66454
96405
57435
74784
18966
98919
4815
55741
70247
52735
2293
7143
49207
16498
35441
36257
92328
94806
91277
15733
76172
33817
1238
24328
85662
48333
90942
3620
58269
53720
66974
11182
57348
5136
26088
68043
44592
66337
34443
24557
66276
61042
8594
90893
66017
5752
5214
77960
67792
31037
23108
52618
50018
42087
56940
25624
6738
75989
18033
56492
10489
29069
46151
97007
56254
67884
31058
65512
75231
31402
10299
72095
107
36121
87542
48604
82146
90164
18631
81206
38572
7376
5608
3158
21105
27191
22629
69094
19894
30626
92633
56600
52570
61338
92482
36794
46477
74022
72072
8785
27594
27692
62420
9439
66554
99890
9397
80143
64500
8749
32907
45275
86648
39062
51808
78150
72100
31896
10543
99880
19288
2068
72868
81345
32288
40054
57469
83973
72327
84086
5274
46909
63540
10741
15998
46402
39454
25392
80410
9449
97898
21498
53895
95129
98308
84829
65476
95745
24246
33077
95090
79125
29725
22230
83966
79584
26738
97345
37011
9943
20233
85338
50835
63690
66517
98108
19703
3601
47549
73318
55149
27523
2956
6878
41730
28958
56851
22962
3944
86998
23595
50764
42383
36148
41563
84647
32647
38004
97593
61315
30106
55113
63683
16670
30175
9986
10689
66707
17520
85635
4275
31541
7541
99639
27155
34823
1776
18503
41869
70626
82977
5721
49313
96431
55534
15245
44527
64418
15533
19154
19916
43376
31158
11389
84735
40094
20093
55251
62948
53926
8612
83526
85349
86454
60745
84297
33891
61249
80651
2407
19104
25922
57405
80762
32946
69597
66743
95603
7941
9775
90470
39368
66434
73797
46721
75026
9604
95831
58147
48989
75649
56858
33878
88361
52857
86187
55082
23426
27938
66774
71418
82647
79772
54866
96244
71335
62391
63960
95257
72044
60402
17085
77550
38617
48817
5548
91015
57814
4926
30611
79714
86325
31987
45777
14887
25837
63484
26554
58714
67050
42997
35975
64862
50326
9941
95664
25667
49199
53527
8831
36125
44366
62467
79046
64906
92910
7069
92121
9710
23086
88367
12170
10560
47187
4951
34161
58773
25788
52558
8236
64147
53362
22577
3569
69400
81782
55464
31018
26692
78578
36673
49892
54230
47706
33963
24643
91698
48321
60959
18074
25530
96184
98569
34446
56257
44686
52287
80994
92337
35721
27585
99734
46614
51809
90500
7020
20364
1313
42185
81590
96225
29844
98313
26735
4887
97537
96863
70681
12809
71439
83126
12231
11533
82516
41105
72929
1421
72471
61773
2376
17695
29750
58079
29069
76366
95061
24171
13636
19881
44596
90620
40486
10285
72715
25471
99048
98502
79536
15136
55859
75249
48477
99967
72716
65515
64260
37873
6606
99820
77201
74534
49213
65454
26177
79980
69305
28630
93355
20532
51020
84990
3519
53961
14380
99339
67962
41707
13760
72813
67217
14811
17988
31238
34494
94000
14495
46901
71715
39879
60451
42748
73478
85343
16570
60165
22726
52082
90469
49439
1094
43627
4742
6601
226
14201
14875
45709
32646
6645
53629
96568
46189
29864
95420
60042
82359
62820
71619
15881
74929
78731
94969
45340
30288
43409
67011
75483
99846
49918
54272
48883
32622
44571
49832
13232
18843
17041
54883
95505
27050
41780
11930
25430
60860
9192
13554
36626
20122
28160
68332
83561
99185
93148
28172
35589
48854
10924
22424
72790
48297
7465
18442
52876
94732
67474
42925
99171
11165
70856
83310
87507
89424
63979
28068
97506
1695
14414
7589
75657
38752
18028
59930
90365
70185
57418
27375
58572
75134
19639
49281
66061
4365
58895
56591
95302
94319
189
59371
18310
2998
24578
63474
3418
30688
37422
63653
10658
92226
20684
84633
32809
62399
13112
7479
30064
87666
84508
40302
8999
1113
1736
41493
16047
88375
40968
40724
75491
9913
55061
97193
47185
8116
87992
84739
24339
11945
70589
88121
51826
5479
40857
20138
81178
78089
98946
1507
22269
892
19025
6062
57456
63923
3926
30024
66225
6126
30276
6261
19119
91252
18824
44478
97168
40993
34148
49081
2306
37546
11833
12044
28988
57427
79197
24584
86491
78967
45342
84187
19662
6411
3371
48160
35859
91669
31933
20373
78084
9169
12559
23449
46354
39904
69716
32996
623
74224
99484
93453
39349
10293
19622
67001
54457
39179
41853
25204
14077
28286
61775
29060
29805
8718
79553
25534
77305
74696
938
38862
82247
6903
32972
20676
80737
10542
94818
37827
22427
66813
44075
72264
62097
10662
80975
16568
84146
1866
50987
61093
46487
67872
98244
7448
25091
25214
8304
64763
17060
83841
47826
13003
24619
69369
21750
52538
38973
52338
35210
22821
31935
2611
79481
75854
92492
84121
53349
64009
98980
95202
3585
1143
8423
66545
90630
74933
83598
78536
29122
48920
94322
77700
57102
21254
78208
13811
45404
94224
244
30301
45853
34602
83018
82478
67373
2445
23295
13407
46303
30521
79061
68213
40655
471
47031
21970
41316
33665
75157
36198
15342
36530
81681
17522
69223
14489
4630
6496
1430
13213
35340
79372
70091
65863
68749
44949
86327
70476
79864
74753
92923
21304
12825
87205
24218
3651
16806
17378
18779
16554
26605
60622
22253
17226
58819
16125
59228
71050
13284
91673
40118
4174
6046
27560
12320
16989
87940
47530
14507
45587
67377
4931
5509
75156
13553
8669
22413
20651
16633
69196
79339
90589
62624
49004
78834
4947
96038
58128
48189
42055
18936
5632
69261
2574
38697
58942
6992
46905
21127
25869
75518
22879
63627
44368
56944
27192
72604
22259
71687
3274
81001
62499
37848
11668
89001
45307
16696
50614
12116
14950
13013
32737
46610
65642
37643
39344
22589
86443
40009
38604
32436
37709
80332
24994
94013
47209
97550
94072
54671
8796
89859
22055
43220
33829
46410
5351
89675
71490
61881
41355
90587
74830
59589
4667
11359
54317
7011
28906
15906
60091
49300
29560
5240
46642
84521
16173
14881
28861
41490
55248
94372
71750
20003
13839
61906
20988
46984
17322
88980
18660
76380
27681
63072
84022
58428
63569
24751
58850
28568
62366
72613
86238
99716
98749
30198
15031
21875
28393
77427
65747
93825
77787
95064
34234
45545
9780
6403
91118
92809
46380
77632
89780
43557
99206
141
43997
88755
98276
9846
71737
56949
60605
90765
65512
61481
66872
95115
84931
23526
31291
98954
79349
9124
32437
43004
10712
34100
41178
40750
37540
81837
23292
70154
11808
71827
42867
52300
38854
14212
624
19031
54526
93369
38685
66800
36966
75901
91633
55809
10322
90535
51470
6555
50270
11065
17986
91989
30022
62390
18570
81363
77901
73206
30881
36026
24156
90216
69440
22683
73024
78306
11197
84103
96575
41604
35130
23241
48136
50616
94529
41631
29269
93413
24018
9449
78821
49062
65716
16754
61601
26706
97356
723
78499
60087
11899
75807
22244
20598
67620
98432
78250
47915
3379
35914
77200
58153
31197
48479
58997
35658
63266
85385
3129
11452
31741
94030
678
56060
34340
44896
34119
13278
17577
43168
76394
98845
32829
438
34074
26076
58772
86626
98904
72755
99874
67165
8109
81892
3822
41080
30802
50249
85895
33387
75848
92134
35093
19467
86523
16472
93528
41885
82874
76381
28739
16767
22887
12523
89573
36544
56395
59325
79241
58851
63359
76388
89207
53408
25146
25874
7457
46227
47937
36937
81924
45655
65080
5153
85785
34625
68603
66635
75710
14385
14637
99401
8130
8462
62538
74784
49572
68235
5801
23415
64388
78762
45212
8928
47335
63886
58742
81677
66931
40835
28027
2133
64198
45222
50829
33662
19526
60986
45136
30861
8437
20885
74733
63206
22737
1906
16431
23669
72817
68049
59265
19645
80601
84211
85881
18430
50216
76027
55221
32988
67762
7082
10351
20031
16962
64484
8608
50015
99284
65293
71027
28699
68889
5700
90451
22955
44986
75437
33921
68309
76784
88642
52684
9151
34838
15664
36168
27692
7575
27411
21219
61164
57377
26994
79260
15855
91641
70525
97159
61227
78808
33626
95712
47962
80929
97541
72614
58723
68626
25826
84600
77336
5432
76132
28790
93938
72626
8778
54858
3176
22423
93748
83115
16070
59848
34537
60564
3196
38231
45328
49394
29189
62097
18327
45291
75924
22521
82761
7456
74057
76872
7733
19679
86718
40358
92993
85517
88095
40729
54430
55547
63935
45317
18794
25575
93748
7965
92945
30923
60901
56688
83906
76345
82617
32264
90564
21401
6733
76653
31774
58768
56035
52858
1602
49240
68904
43967
5765
8507
96016
50328
9871
98693
75343
81674
44194
15898
44874
41004
2190
8176
25252
19177
78309
70642
91681
15565
10833
87679
60069
35921
82619
33
59956
49339
45231
9585
26057
5173
64261
86093
43697
23553
18997
85979
2900
3815
18511
34655
61700
28793
40813
32721
53429
71114
86264
32012
61560
29023
39850
42240
48320
25449
62070
34002
18859
39886
95544
2337
64842
93432
19097
68103
4333
17317
70770
54884
77982
97944
88278
48234
20012
3897
84539
78578
47729
5860
67874
20943
39544
7880
37630
14907
18910
85372
14789
11010
48384
34902
13028
2401
82133
45603
53719
83309
40630
8624
64383
58911
54749
97685
18010
39265
6906
33954
35867
85988
96489
46400
5826
22738
18988
21461
96138
36861
98184
48460
53884
33813
13174
33477
19565
19636
3192
36999
16245
41996
57472
41428
72929
66095
64248
18927
69149
65784
64584
63533
81132
23388
95958
81738
76877
74192
16132
69050
20067
66237
36447
13693
23426
13258
21760
64049
74963
97794
47559
12884
32279
43227
29875
18823
20133
62656
76299
46657
28178
26088
75362
87894
31166
65044
55326
65678
43281
93075
84793
11507
28200
59503
62281
32705
90271
70027
28433
29044
87392
37021
37900
74843
76040
15741
64151
43232
48921
67803
18972
96905
52109
39876
37723
90593
37182
93722
70153
51652
90124
6645
35114
95727
27027
93719
96592
31031
85524
6340
75795
62083
82002
38363
54296
76590
42980
79098
80720
78591
2738
85886
76222
69239
74274
21815
45537
13964
25843
97850
32221
79334
31272
86892
2557
45827
88655
65710
73058
22500
75631
10064
97637
44365
99556
36381
1513
87199
79155
46722
85313
65486
26571
21850
6073
14907
39076
48214
63386
38362
13829
36157
29335
63099
80513
77580
61682
67505
41232
21928
13682
92678
54709
25568
28114
90730
82392
16782
58777
51469
42236
40180
97451
39423
80942
28793
60118
90824
5684
6028
36436
27997
30231
62459
38224
77458
26694
27073
44529
47632
34766
97729
2672
95604
38863
48214
36277
49167
61183
37505
86153
99191
6410
40294
38574
8599
89820
2769
16423
72619
29063
64500
9008
85112
25033
50287
97080
28176
6512
18285
18555
72541
11103
73992
29616
4353
71576
26597
30566
24518
50514
22225
18496
71235
44888
62177
75390
7488
13290
65664
34173
28770
3740
55242
93390
13483
98116
72814
2868
92227
4311
88732
60155
11200
49921
51742
71902
32403
33110
24502
72013
61701
58367
42654
64776
83928
85277
2960
56536
68067
51674
70691
76441
55727
62213
89645
63255
82999
77269
33222
84060
78542
84227
80327
6602
42453
19903
76196
30953
84275
68077
59696
47024
25160
27078
96063
39382
89344
78733
73507
15176
87150
72852
32745
13286
32533
67877
95221
41627
16420
47465
78855
29684
48011
98372
12253
8523
65219
41042
58469
44503
27620
69156
15892
60273
44236
79071
81015
67646
11755
53160
20992
32458
98995
35062
81111
68912
34784
55322
88138
68616
75087
3596
43171
31659
27045
40465
73110
54910
69198
32343
59468
76752
65602
75187
70349
58409
95866
33547
82854
88718
20202
4681
64708
70836
91444
18697
56147
57425
86532
28415
25455
9754
52282
52157
82949
83672
84611
74928
13945
92382
71950
42477
27246
85069
80129
72188
87725
75129
20615
3746
61695
65393
12802
89215
58973
79301
24899
40068
56739
13271
26015
76066
10981
33921
74581
46982
87396
23597
54604
97183
26345
84027
73770
34585
10169
70131
43888
49258
92311
22675
41132
64627
77622
95565
23351
93850
1315
17229
55853
40337
27944
78732
27671
92605
96369
73247
94004
96089
42672
79075
2863
88535
72682
33679
16728
82560
9529
17672
34207
73665
55934
61485
36150
47713
11282
82733
44803
51201
65137
60457
62615
90324
12387
91849
36792
54370
14479
24594
35719
88555
49566
1462
53842
63509
87069
60637
89177
4980
99691
57206
32281
34260
22632
89148
47766
44636
55009
345
78344
24588
36084
57466
63657
68705
19251
71026
89579
725
1386
96609
81404
66026
27448
30282
51917
11538
15262
83736
79219
56777
97335
12867
42535
94088
44028
53451
89119
46725
56052
33074
34501
52204
8029
90319
68102
51210
38541
49116
6976
77781
36391
37797
92409
5054
26666
90269
91462
54203
18974
31198
58519
69700
55184
3383
83839
52406
2362
66667
80
86472
49348
34407
8354
6634
66501
52397
29884
53995
54218
59100
52316
73219
3501
38982
822
42641
25705
90451
26672
69490
21985
60217
37274
70842
44343
5259
74155
62872
71417
17390
72818
50782
61643
34693
83490
59882
48639
28081
31587
49384
58310
45510
14744
73447
5154
10605
39501
38222
96317
35794
29865
23731
61470
54052
21109
97771
42094
77406
41104
54537
54534
15448
65509
71524
30766
97333
84955
3820
98371
73608
11885
89702
97292
21679
62061
40913
30316
31571
85027
65960
69739
3202
23567
23221
87460
73327
4579
11614
42862
92731
50787
59363
25442
52526
12262
85502
59614
96528
72870
12540
77610
25509
66491
5384
73111
99174
28418
34586
74512
59790
27727
78404
10104
99493
25746
42701
43247
14847
71827
12588
96431
72726
47805
69249
94409
99097
1639
72834
93727
30707
79016
40112
8893
31760
41109
52128
84885
49801
3475
21798
27309
37222
94861
45501
78773
25596
73162
96627
5552
97351
48851
90905
51318
30026
42034
96544
7959
66815
78973
66130
70249
19263
85300
20839
28387
16018
42596
30954
33856
96816
84114
160
30695
32189
68360
63722
27081
66475
5166
59162
10949
4336
13742
42340
40330
9765
30775
98272
1761
73608
18513
77492
66265
50172
3180
95625
89821
82831
57222
93167
74025
62404
84383
25299
93316
51435
24779
23259
39038
89759
73902
4667
12580
90751
35844
77954
47804
53972
46669
40601
98168
47279
32212
19643
5147
66611
69610
97026
61909
77832
7317
46489
75303
96935
14357
41745
53789
20539
25033
87524
37255
14891
4332
79390
11187
17878
83554
16772
38757
36012
22270
75930
22516
21764
29864
27888
3924
64646
41057
97650
22747
65076
35651
6991
7568
625
66807
743
68083
48858
177
8559
18608
99678
73900
88280
89745
69227
44684
73099
20446
52377
11343
78465
72978
41481
35873
2404
51902
75002
28076
97944
62361
79528
17866
6965
92043
73026
87986
54472
12145
53934
9496
50535
35878
62472
52390
7495
3827
48047
54100
30376
28352
6922
76028
62015
44714
27515
14162
1173
42002
20630
98800
84405
17899
7302
13744
59140
6204
47689
75069
76566
6006
94433
92550
1556
70891
4325
56730
31804
3859
10978
64784
97045
77587
96452
18182
8447
33657
83688
5253
1204
95186
74264
96182
24733
69646
6162
30848
48788
9515
66676
27991
15239
49317
25865
86591
9304
52674
82603
20427
15482
76783
89700
87579
64344
12675
23184
55318
2182
10018
69004
22088
63789
94093
5797
93069
18553
24314
17423
4253
38485
7767
57040
12842
6354
65449
8010
37822
25208
64094
85548
54613
60084
90084
86369
45639
98426
87701
135
84008
66097
21559
97792
27456
16992
28437
67555
16095
84823
39447
90029
11992
31974
4547
81736
22821
65463
85839
44081
37008
84679
16950
46000
65777
73524
23084
30008
71508
96835
18113
15207
24296
94215
17110
5242
86946
65109
60367
18506
70173
53473
31193
84949
78308
53181
18802
71550
75455
18411
70008
83770
36119
55697
73471
91588
33469
85898
75412
47651
30144
97401
56932
70938
28147
48617
89712
43293
40687
28294
74300
19735
13739
17926
15702
4033
86051
77778
60144
55451
61194
66511
16419
21681
5979
82173
13345
52935
2981
25697
72505
75563
50623
55234
40387
56134
96147
99491
35715
7985
26269
98175
19598
27957
218
52827
90176
10547
31222
41479
66116
34590
71323
58959
29209
79411
39324
12891
94040
3010
25756
99439
8024
44567
77984
58260
51756
43019
21603
45297
34241
16486
63777
66686
69029
64448
67914
70600
99897
94134
37112
183
3705
56144
84599
78919
56956
42876
22778
19437
79975
87334
16247
23560
4905
89774
80080
16746
10932
22157
80071
74312
94073
59898
1135
42643
95999
72295
41305
24294
84921
99930
8439
68819
40739
39304
28349
20221
19317
6981
57416
67390
11281
63735
76013
31309
88760
62391
59472
50384
29617
11255
15198
53906
92760
38177
59653
58530
51439
30495
9158
65828
55770
45500
93300
39213
51189
35744
45959
62053
59146
3339
82248
89816
20752
22165
98020
4221
9944
71280
12586
48310
45198
17806
64617
70811
59698
46108
72364
53126
51224
68645
4301
56209
35329
34674
98398
45131
39842
98559
62331
14320
92686
88131
35485
90637
65816
57518
51979
12762
56381
33063
4583
71747
76826
43526
22650
16624
29664
65366
1215
47516
38916
24736
69187
11805
3149
59508
26
92690
73908
69899
52197
79067
72892
2096
3585
12000
26454
94002
84054
38844
60631
97556
85054
3677
26284
70434
49990
79776
72834
52463
53635
98560
47922
36792
2202
86986
6909
29497
74924
56566
69040
11425
74212
7526
55232
24425
84413
49090
35612
13740
81805
27695
74241
39983
91961
29980
12138
30559
12503
4673
51128
1243
30667
62104
73402
14299
49925
81212
40186
21568
39195
94846
46519
2743
44969
30344
10879
63294
71897
45196
60154
84361
20131
71390
4936
51463
62952
76633
40783
65796
50488
67314
11480
56447
97147
77751
71860
87389
73342
3686
1745
89731
37046
15829
48301
7017
96640
43252
99997
477
72269
83802
72267
26152
70343
50022
97724
90450
94512
34569
65503
21988
70222
96437
19278
2623
35378
93555
65673
56872
97973
88103
75885
94691
64280
15303
75278
83814
80308
75257
67507
10582
54132
1735
96368
37729
79353
2932
58941
33383
21858
10653
20597
26792
50781
65265
1422
25595
93251
46488
7787
88119
39778
92048
59833
79984
67787
63112
32557
98910
29258
8102
82030
44287
54620
16129
87711
96990
67778
23435
70814
47372
99320
76926
85044
1593
42426
33710
46429
85257
43522
34697
37341
25796
72608
79774
99455
91753
85032
2392
79776
63890
65065
78759
96207
48252
17878
73302
83925
30716
90148
36927
33960
68436
84782
72877
61383
17063
96526
16013
18666
26997
64015
96510
63323
64340
33523
15483
34840
53086
53986
12140
88257
1923
39132
40638
47468
50421
17045
46318
36282
11052
79806
99071
48227
2791
49130
88355
33838
99637
31117
50536
19433
1916
78318
86638
95170
41309
80456
83998
47991
51057
65718
29256
85860
33217
51550
33712
90147
81752
23352
81211
89731
80187
84908
875
96417
37211
51445
50423
22236
41429
36416
730
71263
36100
96117
36949
87210
13624
36381
75528
16592
63094
86668
69872
46781
59937
887
23250
26401
18474
64992
82651
73380
68427
10760
73200
77530
55619
28015
41681
3890
45767
77397
12525
50666
44159
75600
34339
69448
12087
51263
64634
96065
40873
53561
27173
2758
83633
18516
4774
7122
15887
92477
74829
30006
30565
12827
99495
56623
884
11897
85369
75965
93171
75733
18311
96320
63563
9790
99453
58594
37908
22593
33993
5556
37148
76342
65108
18315
9091
61731
9597
50992
61207
36783
7394
22229
11670
20345
61492
77632
65447
29234
61780
65623
92003
56573
96079
85165
62863
1855
10621
28016
70768
54490
79033
38168
74408
58049
57966
22860
76995
96905
56253
22561
27479
65974
58080
44891
11506
67611
70960
40184
36551
34756
56495
90447
14362
46615
45028
18008
44074
75347
5985
11901
1134
19732
77290
1916
71670
10096
38630
74538
26889
99924
84127
73766
92199
42644
94934
26630
99211
58421
24276
45930
87756
73859
35313
62107
58833
13283
63176
35329
47083
91358
57727
47304
53850
3647
38742
85479
52960
91738
96138
24609
86400
11041
99598
82810
7619
62438
65354
31606
3631
50415
30520
24898
27301
82013
58418
67672
71290
30248
28437
79702
26652
60909
6680
32831
58471
28571
62955
83528
88939
29487
58411
30459
28043
11480
63838
89802
15778
35125
9390
48847
62702
74179
71584
7192
4139
68102
23004
76100
86715
58888
21340
52077
43024
93069
32918
90490
59665
91372
40450
90483
12811
34932
30300
65082
57813
43533
10721
17631
69559
3223
74472
72932
16465
23341
98269
80095
17966
55268
49867
4859
7702
13922
49311
89254
44358
33392
44704
34134
68733
29067
22018
38972
32610
97513
57157
88502
18157
26086
85178
20561
56219
24046
23904
51762
16486
34294
32617
23354
7531
62383
70833
12279
74150
25958
44387
46483
74625
92536
77080
49065
36558
906
82886
67205
10464
28427
10235
17825
48270
71816
2812
93619
58813
71081
8383
20791
96626
69440
41612
50564
81779
73636
50992
9178
31313
40365
41712
79239
363
5847
87696
15770
78757
64006
6236
79104
30590
69167
48875
45031
61107
49441
96975
24193
72244
59732
28802
86085
20401
99162
91389
5153
87201
90096
91306
6218
11057
6743
36507
60175
38242
31934
89909
71464
34941
89565
40829
77011
66185
77493
54768
66492
82355
73942
20182
8391
66027
42591
60536
6791
14111
49721
34425
87040
47742
83050
38749
16633
29214
12767
95200
82283
77104
76514
46187
87751
73084
51889
36541
75097
8452
68751
70858
93569
27132
71421
54433
60751
33094
26594
50171
78152
60917
58896
48802
44804
21144
52785
92335
86740
68772
61752
74609
59408
61683
42716
79892
60862
67552
25866
35198
73197
85797
5018
7486
78580
75813
91674
14704
41500
64261
15047
5421
97649
98230
59624
69272
37619
59721
78756
26767
12877
4941
66881
22548
17512
23816
51941
4181
73927
98958
10594
86295
44093
33333
98517
39334
83048
48817
1730
39010
88798
60301
91202
9810
13551
23262
7383
35936
3919
10952
72884
34042
66965
5867
10377
54682
34511
38620
54007
88939
85888
80777
13378
10812
57964
59275
88529
2886
36742
2636
21443
47952
51303
82579
65276
57238
60561
11007
890
1844
30298
3439
34037
71957
81372
72474
34740
23781
11923
47570
71780
10034
56750
79514
72700
90142
91863
12824
2832
70299
63397
96473
16525
93822
32966
59552
88609
76514
59528
52818
28838
25100
2446
25136
68999
22158
88262
63870
62883
67846
26091
44313
37096
97468
25782
98479
36210
85421
8125
4910
79575
81299
51326
75326
33126
32550
51442
89606
27639
38520
56179
60539
27865
97629
13751
7072
38100
79012
58429
68041
73644
12173
64586
71797
11845
86749
1351
31848
39977
8629
41482
45716
23960
97644
49517
72849
68110
6501
90027
65678
97919
37494
4067
53470
56373
45385
16954
95658
61258
23470
34982
45367
549
65787
38100
34775
98879
48940
96908
50793
30621
94222
65951
97
4138
84091
66317
76009
64995
22949
92273
54442
71292
93327
29523
24272
2719
1061
35515
7635
24466
98488
4326
84176
60177
42712
22407
41577
634
80874
66438
82548
60874
25367
43709
4891
46189
78077
99198
3237
1334
62678
4814
27076
22884
26157
35463
9724
3095
64628
63594
12395
16652
70208
89632
15504
85502
38490
47279
68197
51310
34279
18485
62014
30665
88043
12632
99625
59975
59906
87415
62994
75949
35594
82347
10085
64387
57008
14672
57406
84977
99124
946
25544
37253
56965
74065
4747
39496
86336
84504
31129
39161
62824
20711
77683
95725
93796
98644
33410
13199
38780
43709
60659
58025
9412
47549
57830
55027
64281
70509
37374
32829
8505
5609
59994
96635
87021
77389
49586
82563
49666
78778
95086
1890
70328
802
27003
50104
51875
8461
87772
80177
74194
99815
78955
59843
97507
11681
32822
42862
32779
20413
97455
68828
57459
89885
97956
15945
85649
97828
49387
29078
35410
68528
61432
40969
23939
38887
76359
7242
61320
77677
26266
95624
90278
10123
56422
488
829
10916
28140
3143
86763
45312
8762
60473
14340
61020
67141
69482
77787
70705
84317
56159
41985
35311
67253
75820
45185
8740
73678
29576
33519
82130
38842
69416
36151
43591
70938
8557
18281
60487
75925
85868
33546
86043
31982
75866
72348
40304
14220
10293
65292
9162
50070
3795
936
92592
13395
40037
58228
75878
67753
55004
106
30100
47282
78766
68148
40682
10064
65769
10200
57811
87807
34433
49452
32202
30187
53156
65569
325
37090
95950
58910
78260
32873
58880
96439
44865
8464
18243
47888
58375
21635
73252
54105
47758
48408
29503
90681
33582
95192
40009
20717
31009
16135
56113
34090
35635
43243
9211
42312
51817
74740
32718
33852
5630
27004
50792
92519
4098
58854
61035
13259
61956
5997
630
73713
26208
56713
62239
43106
62229
43315
54307
73684
74094
81118
76802
6746
80000
43110
4119
79278
871
97885
26996
72127
47236
32773
52580
88660
44326
79255
41226
4834
54632
5304
84492
26627
6236
14250
52981
40065
48583
55115
93987
47076
9717
43950
64126
75073
4289
84167
59710
35314
43739
45568
16479
85237
77957
38898
3876
90008
63743
86094
11911
65425
57161
61057
57355
27225
97028
24348
43538
27751
75266
61048
76864
13661
73095
83660
81697
43453
64498
2933
54593
36805
7918
52287
50549
38835
53856
72488
69671
31352
39686
8184
65931
17599
70068
86557
41909
27143
59995
1613
7374
60732
21574
65304
30937
55945
9861
30073
73042
32552
3507
90232
6814
23328
38514
37328
20005
17408
56970
89902
83344
35897
1437
52267
77749
67581
36700
38117
21067
8471
20921
61640
12886
95173
697
66989
23725
64123
25844
85001
16528
8284
72246
66447
85616
99155
38174
43070
52624
83839
81723
82300
9830
11200
42853
96307
19594
94933
19911
97750
79338
17403
77610
585
45104
46129
53483
30057
52834
21358
13485
88055
60666
29811
23415
67466
742
55672
11892
33767
30157
85921
92862
25447
45651
94410
67287
13787
12621
48581
5075
98668
85929
59751
66433
35282
28945
72148
37377
29790
51309
66866
58253
79912
30230
62298
46436
26359
18765
78797
43592
87535
12702
90726
81179
3011
70029
61213
59269
25815
56442
69714
45104
96420
84603
39041
62772
52395
37329
34342
29699
80529
27499
88068
43370
91148
1754
29690
54900
22059
48324
74300
88637
16938
80934
3477
35997
33749
87406
20821
33
30034
12527
576
20610
16041
82273
11593
48332
97196
60199
18283
68405
53522
44551
81989
11683
76987
76435
66689
73364
11947
4611
49399
62289
96813
54716
44640
70677
43490
40396
62629
42799
13101
17298
56623
68868
67209
23845
13
35806
88779
39181
28527
6664
22851
6911
35089
65701
84421
51481
15072
87560
15389
43781
98756
44524
25796
79080
42188
3475
74294
88980
23630
27268
40360
78110
261
27633
3600
82455
20375
39763
63347
97362
32954
11096
32123
1439
79872
85263
55629
81340
73920
13134
96459
84197
51600
15560
88908
48860
9008
20109
14371
5664
5089
11471
75608
63505
48618
85107
5881
3807
11100
15265
78212
6346
25255
41832
956
14103
60327
57751
40055
51302
93008
23856
96039
58301
24922
58854
55900
52596
35465
62681
47370
64075
15662
64782
51119
39399
55748
85397
89847
57443
11357
69490
28892
65021
13461
99933
60552
26798
57593
4673
81180
79016
86252
72836
50854
91045
93771
43736
26225
47687
48737
83538
82667
83275
50125
72799
35578
30740
14991
18298
97641
63944
85835
32293
62240
5377
40288
92193
89468
19500
78209
93951
48827
12591
17651
7961
97801
50891
12853
96644
68303
7485
93725
68079
48590
45268
33006
59745
86836
53626
85749
52619
99134
20392
51190
34149
25594
70836
59489
74805
45887
6907
15108
35566
50530
87834
86696
37194
17973
16723
933
95111
18091
56289
56688
61412
11358
63151
75057
85188
75047
15136
61735
65613
15382
2740
91899
66977
67453
80669
13901
46415
12247
31524
95228
62555
14009
94971
84668
79800
64729
9313
34383
96487
73273
45808
24622
83541
6931
85887
25151
70117
97548
17682
42731
2936
73531
50016
99410
12101
26264
40551
16675
27283
51499
74975
86826
28100
43560
22530
14135
9493
61870
68912
99240
89137
49055
65411
20056
35623
92503
82410
8672
22407
17705
48400
63967
42963
2173
14492
5413
78068
83178
43223
93016
95157
14409
87507
39772
16222
52740
63298
38910
9066
62532
9868
6021
29873
37445
58847
32181
22430
27883
50837
74690
70481
54632
91707
32431
18072
5323
74612
42246
59327
95715
85954
98956
38764
81576
23689
51997
60697
26439
75174
26857
43791
13738
93062
3708
89429
58223
1115
85590
62990
11472
38522
44934
44676
8148
3821
19543
84212
88554
9828
73899
36973
17975
18059
63493
79840
95818
85168
25596
39096
29881
34494
39998
59133
25171
27961
29970
27673
25166
25044
42838
28877
57856
96412
92308
31355
62015
80324
74907
64264
5443
42192
91402
57295
59210
50829
85195
83658
30590
6442
7926
95757
58424
28728
40911
91721
69559
11309
63377
23255
60000
86901
73475
75143
80478
76070
46973
62527
44376
4007
72532
48782
48586
39621
14715
28892
148
62405
32520
75473
12589
12138
96139
25417
42887
71634
54430
49378
68003
54229
18235
67202
62386
38580
78027
92900
26324
99346
84582
45914
87573
38537
61222
78099
70611
76573
50708
73502
78240
98239
18684
43987
94299
34103
56385
55637
87505
78134
74006
92830
55587
47072
73432
2636
28883
35255
37439
16368
75684
63630
84209
40610
77043
51369
37978
1313
53792
63909
70233
24539
64356
31329
59667
21665
41450
27014
42594
27627
71018
1843
73013
76352
90766
2376
57767
85846
21850
72508
10515
98680
88427
28126
47371
50172
95740
69108
65646
12918
84458
51555
91986
75847
30186
5118
11808
96063
39385
68953
73477
14635
713
21040
84222
56883
87823
8853
51751
19915
61578
24937
53944
63778
50445
96663
55151
66481
70873
40046
1777
75310
52308
17256
51533
70370
36275
52723
28582
53864
49665
9970
76876
33154
9757
36461
66119
20093
39848
29440
91928
51414
6307
57363
3509
90487
91379
45874
59641
31612
59741
86908
84061
64917
17089
12510
69091
22101
82812
8468
98082
58701
41729
74033
18262
87157
5390
68435
36209
48704
99159
48256
22814
16125
84587
26328
5631
33240
56157
15220
28757
11913
84563
41691
73027
44843
86234
26073
7204
46125
54022
82993
91954
39897
49843
62723
24655
97271
25626
66300
45211
90438
19159
79235
98685
65086
50448
8131
67640
69512
38223
51485
20740
41383
4826
73091
39577
69259
21357
13730
69147
25295
30191
10391
19176
10224
12919
76375
20906
45183
78648
91012
33259
30159
57015
98580
83185
89183
47027
33628
77611
51168
87720
99402
22184
630
48419
24954
90306
3410
41050
21602
16428
41156
49176
56817
20959
92
6365
29861
73946
62709
45760
33670
71978
33279
8661
51741
73375
64903
58602
35765
47076
13785
50920
1906
29105
13757
6599
42013
43172
70616
5286
19611
64084
94736
82868
223
55885
96277
58789
17219
65835
33089
34627
97445
48691
20372
94332
81144
86147
57335
6214
55174
8947
3298
1629
48675
19182
30139
24175
52599
64410
17141
18897
36135
37866
45865
73575
65474
78895
3819
4064
92943
43734
43995
15900
32777
88552
2865
66672
85578
46998
30822
70219
22032
62191
66552
56308
19569
26307
73969
6512
41680
68360
39973
32120
56506
41722
19909
60326
58862
48366
63769
65724
90137
66519
71991
72408
3303
59405
46725
25996
24256
14300
92031
27116
35755
56086
61075
59983
98160
47011
61661
35606
25983
13857
33131
17068
99244
18977
87045
35015
36045
15044
14497
16504
84605
47202
8598
34447
61367
73014
38434
29770
8339
80819
71243
78034
47404
87200
93684
62174
69356
45308
2577
81957
51849
73877
74509
75784
6509
78294
63025
68654
48458
3733
47106
68128
41594
11429
30248
71989
61971
42325
87610
35414
25444
65530
36555
91168
404
83738
64128
83162
64456
42181
99380
40749
52149
85544
13578
91425
63569
76260
6066
98068
83987
37933
49880
57205
59400
18002
45583
6442
56949
75101
4512
96290
55942
5681
25238
79462
9211
67046
20156
48723
30707
49113
42547
93191
84678
48423
41361
63303
84290
8679
69304
15009
72843
63115
42851
20828
57988
9400
93353
70194
71577
28174
2098
56380
8306
19935
77256
38916
46673
13748
22734
67275
83832
60869
5098
84727
75763
19199
72445
21475
51142
6713
45896
6450
10663
10358
60657
89502
76100
86798
20188
42034
86131
79733
4403
54980
68651
23562
75497
13139
46293
53471
3303
80688
73885
93150
36178
49082
53522
58019
18
31820
96125
70553
3037
61492
50979
23314
37117
48717
32298
42744
43453
29578
19386
51372
16061
6354
88037
88572
88502
42439
9921
66143
69746
85474
319
50832
51746
34215
1198
49210
66140
20113
9654
24139
62287
46676
60975
49719
17922
36561
55729
46499
71732
93314
44712
49927
9319
42957
22947
77206
22736
11561
93050
10280
85127
50408
26121
20510
41992
5681
7700
72699
48452
49494
51105
28022
24972
19270
48789
14587
23797
82801
98652
14882
59898
72829
61004
38056
43625
89444
85763
76794
84787
62613
60285
35088
13390
20219
27340
38970
94632
78044
41781
70723
25257
39032
88054
98043
95762
5923
96912
37500
88734
13503
49535
67550
7098
19833
47238
41997
10442
55359
89484
47678
11688
93634
86387
21318
45303
48198
35866
94635
91891
83231
95661
32523
66713
50669
52427
10456
40414
84909
87926
56029
53780
95985
71513
47055
79799
804
78237
45095
15521
73591
1569
7919
68682
45721
50804
41958
84926
64877
11150
45216
31289
46717
44984
16942
66875
73484
64304
53068
24214
61241
90640
69154
30722
81132
63084
60202
47600
14304
87361
50657
99386
91301
34640
77572
21006
78841
77426
96257
43127
60916
63531
17359
90366
90964
40651
85577
25132
58606
97516
43606
79070
57711
46222
54810
88923
2124
1264
67953
61392
28773
98938
60218
17550
81906
37779
20323
39750
99232
23256
87824
41454
7989
24815
403
937
2713
22556
99756
69028
46195
30454
4722
82686
5302
36810
35757
90477
25471
85499
54583
49007
29837
70892
96495
6272
19937
86834
19004
44848
55416
71475
32075
32616
67301
81734
90393
5244
41678
50103
39915
32421
13843
63419
62174
74116
25048
17279
73518
51619
74719
62331
57596
2849
3210
43516
95171
70077
63874
60623
80534
62741
12947
94438
30184
72480
92720
80999
75052
50303
31636
26463
6936
49880
36175
76507
77261
36595
68214
46572
24271
15232
16811
94663
47133
50301
63361
74315
59692
22256
66975
48203
37333
96128
62871
83447
93339
40686
9995
14785
13491
84658
2025
75812
25216
51121
25325
51088
9988
66968
78035
46311
32406
31858
41889
59017
9949
41977
13571
35539
75387
45403
83796
23483
15541
55535
64747
78414
12139
84959
81728
15847
58034
21421
36035
44813
51137
17366
9409
98155
68044
57529
29620
1239
85328
9157
32952
67129
43195
52924
71331
63458
24272
18999
87497
43159
69251
7783
45273
76
48426
56954
5175
77308
99086
37925
84716
52900
93956
41321
54000
72691
99686
63762
92668
16799
26053
34154
7477
93936
83612
45248
4025
69090
33927
72016
46001
6291
45086
22704
43453
42100
51755
68983
66774
26004
88370
93342
29369
78352
4949
89207
85978
91465
13184
92433
48667
2477
4597
28426
81528
61611
4535
7670
71476
3108
14525
29174
36944
59796
90312
47656
45848
83489
98991
86042
80197
24113
41964
32704
9183
90510
63895
5115
28796
50016
40266
62828
88758
79159
28860
4976
3450
26583
73319
13150
28697
88840
85266
26180
98983
85844
12075
46925
85795
82789
30429
70934
30002
67930
3227
80646
71408
64212
68691
78613
94380
14548
82473
78288
7803
10808
23976
14967
48324
1341
83662
3255
56077
62985
7011
27319
17606
53087
60445
9022
28622
82125
87966
60810
31148
26020
33093
21450
23000
33657
99550
91650
84456
3886
46788
48099
58142
72928
29377
20662
95737
44912
18238
75242
78935
38292
97738
79633
66903
36117
45457
82528
96143
21638
53724
45963
29595
74624
40006
44077
82879
44404
51640
90404
41199
43382
95426
62692
82556
38780
73728
99152
92854
32359
12986
8672
